R	C	T	Si	Op_FF	Res_FF	St	Pt	SU	Info
1150	1150	2	1150	1.000000	1.000000	5.173750	9.085490	0.569452	Best result yet!
1100	1100	2	1100	1.000000	1.000000	4.469110	7.936087	0.563138	
1050	1050	2	1050	1.000000	1.000000	3.862581	6.444734	0.599339	Best result yet!
1000	1000	2	1000	1.000000	1.000000	3.309148	5.724466	0.578071	
950	950	2	950	1.000000	1.000000	2.806215	4.665237	0.601516	Best result yet!
900	900	2	900	1.000000	1.000000	2.379757	4.124827	0.576935	
850	850	2	850	1.000000	1.000000	2.006715	3.399041	0.590377	
800	800	2	800	1.000000	1.000000	1.665155	2.870632	0.580066	
750	750	2	750	1.000000	1.000000	1.351279	2.305758	0.586045	
700	700	2	700	1.000000	1.000000	1.095096	1.922446	0.569637	
650	650	2	650	1.000000	1.000000	0.870474	1.467911	0.593002	
600	600	2	600	1.000000	1.000000	0.670119	1.152221	0.581589	
550	550	2	550	1.000000	1.000000	0.508020	0.843670	0.602155	Best result yet!
500	500	2	500	1.000000	1.000000	0.379187	0.623162	0.608489	Best result yet!
450	450	2	450	1.000000	1.000000	0.274711	0.449135	0.611645	Best result yet!

1150	1150	2	1150	1.250000	1.000000	6.825467	10.939366	0.623936	Best result yet!
1100	1100	2	1100	1.250000	1.000000	5.625407	9.696105	0.580172	
1050	1050	2	1050	1.250000	1.000000	4.912722	7.864961	0.624634	Best result yet!
1000	1000	2	1000	1.250000	1.000000	4.168798	6.931094	0.601463	
950	950	2	950	1.250000	1.000000	3.498865	5.735201	0.610068	
900	900	2	900	1.250000	1.000000	2.973345	5.054655	0.588239	
850	850	2	850	1.250000	1.000000	2.518528	4.158664	0.605610	
800	800	2	800	1.250000	1.000000	2.080015	3.517760	0.591290	
750	750	2	750	1.250000	1.000000	1.689199	2.813668	0.600355	
700	700	2	700	1.250000	1.000000	1.369388	2.337141	0.585924	
650	650	2	650	1.250000	1.000000	1.101564	1.802369	0.611176	
600	600	2	600	1.250000	1.000000	0.862760	1.411133	0.611395	
550	550	2	550	1.250000	1.000000	0.651875	1.046984	0.622622	
500	500	2	500	1.250000	1.000000	0.481519	0.771959	0.623762	
450	450	2	450	1.250000	1.000000	0.346398	0.564277	0.613879	

1150	1150	2	1150	1.500000	1.000000	8.911601	13.387225	0.665679	Best result yet!
1100	1100	2	1100	1.500000	1.000000	6.775118	11.381328	0.595284	
1050	1050	2	1050	1.500000	1.000000	5.830284	9.454654	0.616658	
1000	1000	2	1000	1.500000	1.000000	4.987888	8.377479	0.595392	
950	950	2	950	1.500000	1.000000	4.210188	6.942261	0.606458	
900	900	2	900	1.500000	1.000000	3.574619	6.063513	0.589529	
850	850	2	850	1.500000	1.000000	3.011385	5.014565	0.600528	
800	800	2	800	1.500000	1.000000	2.504226	4.219139	0.593540	
750	750	2	750	1.500000	1.000000	2.023513	3.412442	0.592981	
700	700	2	700	1.500000	1.000000	1.639423	2.744476	0.597354	
650	650	2	650	1.500000	1.000000	1.325114	2.140866	0.618962	
600	600	2	600	1.500000	1.000000	1.032680	1.677060	0.615768	
550	550	2	550	1.500000	1.000000	0.789882	1.240253	0.636872	
500	500	2	500	1.500000	1.000000	0.588788	0.917433	0.641778	
450	450	2	450	1.500000	1.000000	0.424760	0.661829	0.641797	

1150	1150	2	1150	1.750000	1.000000	11.300392	16.896151	0.668815	Best result yet!
1100	1100	2	1100	1.750000	1.000000	8.657576	13.666514	0.633488	
1050	1050	2	1050	1.750000	1.000000	7.371587	11.218153	0.657112	
1000	1000	2	1000	1.750000	1.000000	5.883987	9.856481	0.596966	
950	950	2	950	1.750000	1.000000	4.938614	8.136866	0.606943	
900	900	2	900	1.750000	1.000000	4.172723	7.084370	0.589004	
850	850	2	850	1.750000	1.000000	3.529579	5.840024	0.604377	
800	800	2	800	1.750000	1.000000	2.923996	4.972595	0.588022	
750	750	2	750	1.750000	1.000000	2.352971	4.006403	0.587303	
700	700	2	700	1.750000	1.000000	1.920315	3.264122	0.588310	
650	650	2	650	1.750000	1.000000	1.545690	2.510101	0.615788	
600	600	2	600	1.750000	1.000000	1.212679	1.968032	0.616189	
550	550	2	550	1.750000	1.000000	0.925439	1.451362	0.637635	
500	500	2	500	1.750000	1.000000	0.684878	1.076168	0.636404	
450	450	2	450	1.750000	1.000000	0.496717	0.777543	0.638829	

1150	1150	2	1150	2.000000	1.000000	14.447377	22.207799	0.650554	Best result yet!
1100	1100	2	1100	2.000000	1.000000	10.161494	15.788736	0.643591	
1050	1050	2	1050	2.000000	1.000000	8.870480	12.876533	0.688887	Best result yet!
1000	1000	2	1000	2.000000	1.000000	7.278187	11.374893	0.639847	
950	950	2	950	2.000000	1.000000	5.676310	9.377993	0.605280	
900	900	2	900	2.000000	1.000000	4.736393	8.224686	0.575875	
850	850	2	850	2.000000	1.000000	4.028280	6.774737	0.594603	
800	800	2	800	2.000000	1.000000	3.333386	5.744963	0.580228	
750	750	2	750	2.000000	1.000000	2.686597	4.574757	0.587266	
700	700	2	700	2.000000	1.000000	2.185884	3.782395	0.577910	
650	650	2	650	2.000000	1.000000	1.768127	2.926513	0.604175	
600	600	2	600	2.000000	1.000000	1.390051	2.283403	0.608763	
550	550	2	550	2.000000	1.000000	1.058598	1.677125	0.631198	
500	500	2	500	2.000000	1.000000	0.788805	1.228457	0.642110	
450	450	2	450	2.000000	1.000000	0.578989	0.886387	0.653201	

1150	1150	2	1150	2.250000	1.000000	17.378799	22.585936	0.769452	Best result yet!
1100	1100	2	1100	2.250000	1.000000	11.772782	17.687253	0.665608	
1050	1050	2	1050	2.250000	1.000000	10.402495	14.259647	0.729506	
1000	1000	2	1000	2.250000	1.000000	8.677655	12.590845	0.689204	
950	950	2	950	2.250000	1.000000	6.866986	10.382258	0.661415	
900	900	2	900	2.250000	1.000000	5.432682	9.152511	0.593573	
850	850	2	850	2.250000	1.000000	4.532676	7.506164	0.603861	
800	800	2	800	2.250000	1.000000	3.770211	6.366621	0.592184	
750	750	2	750	2.250000	1.000000	3.033689	5.094416	0.595493	
700	700	2	700	2.250000	1.000000	2.451539	4.187472	0.585446	
650	650	2	650	2.250000	1.000000	1.986509	3.352634	0.592522	
600	600	2	600	2.250000	1.000000	1.557412	2.534334	0.614525	
550	550	2	550	2.250000	1.000000	1.183648	1.879481	0.629774	
500	500	2	500	2.250000	1.000000	0.885694	1.384837	0.639566	
450	450	2	450	2.250000	1.000000	0.644073	1.005262	0.640702	

1150	1150	2	1150	2.500000	1.000000	20.041441	24.465125	0.819184	Best result yet!
1100	1100	2	1100	2.500000	1.000000	13.368060	19.466091	0.686736	
1050	1050	2	1050	2.500000	1.000000	11.714708	15.844361	0.739361	
1000	1000	2	1000	2.500000	1.000000	9.971615	14.061688	0.709134	
950	950	2	950	2.500000	1.000000	7.991121	11.541160	0.692402	
900	900	2	900	2.500000	1.000000	6.460756	10.171845	0.635161	
850	850	2	850	2.500000	1.000000	5.072853	8.339095	0.608322	
800	800	2	800	2.500000	1.000000	4.180803	7.062989	0.591931	
750	750	2	750	2.500000	1.000000	3.359052	5.674622	0.591943	
700	700	2	700	2.500000	1.000000	2.740026	4.707005	0.582117	
650	650	2	650	2.500000	1.000000	2.210157	3.599580	0.614004	
600	600	2	600	2.500000	1.000000	1.723761	2.826353	0.609889	
550	550	2	550	2.500000	1.000000	1.316817	2.119226	0.621367	
500	500	2	500	2.500000	1.000000	0.981965	1.569110	0.625810	
450	450	2	450	2.500000	1.000000	0.719412	1.109383	0.648479	

1150	1150	2	1150	2.750000	1.000000	23.336230	26.609648	0.876984	Best result yet!
1100	1100	2	1100	2.750000	1.000000	14.962752	21.542116	0.694581	
1050	1050	2	1050	2.750000	1.000000	13.167855	17.553528	0.750154	
1000	1000	2	1000	2.750000	1.000000	11.174753	15.799658	0.707278	
950	950	2	950	2.750000	1.000000	9.132652	12.861965	0.710051	
900	900	2	900	2.750000	1.000000	7.332351	11.223468	0.653305	
850	850	2	850	2.750000	1.000000	5.899243	9.298897	0.634402	
800	800	2	800	2.750000	1.000000	4.607343	7.926624	0.581249	
750	750	2	750	2.750000	1.000000	3.726343	6.235758	0.597577	
700	700	2	700	2.750000	1.000000	3.016889	5.153869	0.585364	
650	650	2	650	2.750000	1.000000	2.424396	3.966346	0.611242	
600	600	2	600	2.750000	1.000000	1.901636	3.090031	0.615410	
550	550	2	550	2.750000	1.000000	1.449238	2.299537	0.630230	
500	500	2	500	2.750000	1.000000	1.074164	1.685118	0.637441	
450	450	2	450	2.750000	1.000000	0.787466	1.218928	0.646032	

1150	1150	2	1150	3.000000	1.000000	26.268447	29.880628	0.879113	Best result yet!
1100	1100	2	1100	3.000000	1.000000	16.615470	23.951547	0.693712	
1050	1050	2	1050	3.000000	1.000000	14.580821	19.484078	0.748345	
1000	1000	2	1000	3.000000	1.000000	12.161428	17.193347	0.707333	
950	950	2	950	3.000000	1.000000	9.995125	14.149533	0.706393	
900	900	2	900	3.000000	1.000000	8.354809	12.333035	0.677433	
850	850	2	850	3.000000	1.000000	6.705075	10.305519	0.650630	
800	800	2	800	3.000000	1.000000	5.226904	8.750336	0.597338	
750	750	2	750	3.000000	1.000000	4.043836	6.954354	0.581483	
700	700	2	700	3.000000	1.000000	3.290891	5.711513	0.576186	
650	650	2	650	3.000000	1.000000	2.653493	4.428790	0.599146	
600	600	2	600	3.000000	1.000000	2.082929	3.458495	0.602265	
550	550	2	550	3.000000	1.000000	1.575586	2.544287	0.619264	
500	500	2	500	3.000000	1.000000	1.171585	1.856579	0.631045	
450	450	2	450	3.000000	1.000000	0.862132	1.337636	0.644519	

1150	1150	2	1150	3.500000	1.000000	31.937886	34.941043	0.914051	Best result yet!
1100	1100	2	1100	3.500000	1.000000	19.566551	27.462517	0.712482	
1050	1050	2	1050	3.500000	1.000000	17.340121	22.261886	0.778915	
1000	1000	2	1000	3.500000	1.000000	14.602024	19.636331	0.743623	
950	950	2	950	3.500000	1.000000	11.852720	16.142502	0.734255	
900	900	2	900	3.500000	1.000000	9.914429	14.262068	0.695161	
850	850	2	850	3.500000	1.000000	8.221088	11.758132	0.699183	
800	800	2	800	3.500000	1.000000	6.508171	10.021578	0.649416	
750	750	2	750	3.500000	1.000000	4.990626	7.931397	0.629224	
700	700	2	700	3.500000	1.000000	3.884557	6.517218	0.596045	
650	650	2	650	3.500000	1.000000	3.109218	5.039346	0.616988	
600	600	2	600	3.500000	1.000000	2.432799	4.706940	0.516854	
550	550	2	550	3.500000	1.000000	1.856814	2.915792	0.636813	
500	500	2	500	3.500000	1.000000	1.374547	2.144959	0.640827	
450	450	2	450	3.500000	1.000000	1.002877	1.550513	0.646803	

1150	1150	4	575	1.000000	1.000000	5.152667	4.215330	1.222364	Best result yet!
1100	1100	4	550	1.000000	1.000000	4.480123	3.465763	1.292680	Best result yet!
1050	1050	4	525	1.000000	1.000000	3.845172	3.004579	1.279771	
1000	1000	4	500	1.000000	1.000000	3.306130	2.559896	1.291509	
950	950	4	475	1.000000	1.000000	2.788306	2.166377	1.287083	
900	900	4	450	1.000000	1.000000	2.368720	1.839698	1.287559	
850	850	4	425	1.000000	1.000000	1.998021	1.555324	1.284633	
800	800	4	400	1.000000	1.000000	1.654655	1.290961	1.281723	
750	750	4	375	1.000000	1.000000	1.346408	1.055739	1.275323	
700	700	4	350	1.000000	1.000000	1.100424	0.924510	1.190278	
650	650	4	325	1.000000	1.000000	0.863071	0.691478	1.248154	
600	600	4	300	1.000000	1.000000	0.668056	0.542529	1.231374	
550	550	4	275	1.000000	1.000000	0.508343	0.416307	1.221077	
500	500	4	250	1.000000	1.000000	0.378644	0.313332	1.208443	
450	450	4	225	1.000000	1.000000	0.277109	0.228431	1.213097	

1150	1150	4	575	1.250000	1.000000	6.900303	5.251485	1.313972	Best result yet!
1100	1100	4	550	1.250000	1.000000	5.602703	4.299608	1.303073	
1050	1050	4	525	1.250000	1.000000	4.812768	3.721020	1.293400	
1000	1000	4	500	1.250000	1.000000	4.151464	3.207280	1.294388	
950	950	4	475	1.250000	1.000000	3.496219	2.711503	1.289403	
900	900	4	450	1.250000	1.000000	2.959417	2.307133	1.282725	
850	850	4	425	1.250000	1.000000	2.492893	1.934392	1.288722	
800	800	4	400	1.250000	1.000000	2.077497	1.607186	1.292630	
750	750	4	375	1.250000	1.000000	1.684871	1.321075	1.275379	
700	700	4	350	1.250000	1.000000	1.365203	1.112103	1.227587	
650	650	4	325	1.250000	1.000000	1.100599	0.858603	1.281849	
600	600	4	300	1.250000	1.000000	0.858463	0.691255	1.241890	
550	550	4	275	1.250000	1.000000	0.652193	0.518217	1.258533	
500	500	4	250	1.250000	1.000000	0.483287	0.390578	1.237364	
450	450	4	225	1.250000	1.000000	0.345532	0.284061	1.216401	

1150	1150	4	575	1.500000	1.000000	8.003001	6.308225	1.268661	Best result yet!
1100	1100	4	550	1.500000	1.000000	6.796890	5.203232	1.306282	Best result yet!
1050	1050	4	525	1.500000	1.000000	5.837299	4.487328	1.300841	
1000	1000	4	500	1.500000	1.000000	4.990541	3.818570	1.306914	Best result yet!
950	950	4	475	1.500000	1.000000	4.222456	3.245753	1.300917	
900	900	4	450	1.500000	1.000000	3.570607	2.759696	1.293841	
850	850	4	425	1.500000	1.000000	3.012821	2.319392	1.298970	
800	800	4	400	1.500000	1.000000	2.492500	1.925558	1.294430	
750	750	4	375	1.500000	1.000000	2.026830	1.590685	1.274187	
700	700	4	350	1.500000	1.000000	1.631608	1.343305	1.214622	
650	650	4	325	1.500000	1.000000	1.317837	1.073894	1.227157	
600	600	4	300	1.500000	1.000000	1.037052	0.811548	1.277869	
550	550	4	275	1.500000	1.000000	0.785990	0.624274	1.259047	
500	500	4	250	1.500000	1.000000	0.589709	0.467750	1.260735	
450	450	4	225	1.500000	1.000000	0.426021	0.340431	1.251417	

1150	1150	4	575	1.750000	1.000000	9.937522	7.341311	1.353644	Best result yet!
1100	1100	4	550	1.750000	1.000000	8.453809	6.036333	1.400488	Best result yet!
1050	1050	4	525	1.750000	1.000000	7.013512	5.221993	1.343072	
1000	1000	4	500	1.750000	1.000000	5.862290	4.486695	1.306594	
950	950	4	475	1.750000	1.000000	4.918839	3.809558	1.291184	
900	900	4	450	1.750000	1.000000	4.160880	3.290421	1.264543	
850	850	4	425	1.750000	1.000000	3.510834	2.715078	1.293088	
800	800	4	400	1.750000	1.000000	2.913763	2.252486	1.293577	
750	750	4	375	1.750000	1.000000	2.348330	1.878936	1.249819	
700	700	4	350	1.750000	1.000000	1.918361	1.559294	1.230275	
650	650	4	325	1.750000	1.000000	1.542056	1.209293	1.275172	
600	600	4	300	1.750000	1.000000	1.213125	0.951070	1.275537	
550	550	4	275	1.750000	1.000000	0.924559	0.727101	1.271569	
500	500	4	250	1.750000	1.000000	0.684548	0.551288	1.241725	
450	450	4	225	1.750000	1.000000	0.499054	0.395830	1.260779	

1150	1150	4	575	2.000000	1.000000	12.659028	8.419344	1.503565	Best result yet!
1100	1100	4	550	2.000000	1.000000	10.288378	6.959717	1.478275	
1050	1050	4	525	2.000000	1.000000	8.906011	5.987995	1.487311	
1000	1000	4	500	2.000000	1.000000	7.179417	5.109599	1.405084	
950	950	4	475	2.000000	1.000000	5.668514	4.350833	1.302857	
900	900	4	450	2.000000	1.000000	4.757449	3.683866	1.291428	
850	850	4	425	2.000000	1.000000	4.020458	3.103171	1.295597	
800	800	4	400	2.000000	1.000000	3.334872	2.575965	1.294611	
750	750	4	375	2.000000	1.000000	2.683974	2.115005	1.269015	
700	700	4	350	2.000000	1.000000	2.182604	1.780803	1.225629	
650	650	4	325	2.000000	1.000000	1.758305	1.382292	1.272021	
600	600	4	300	2.000000	1.000000	1.373324	1.077224	1.274873	
550	550	4	275	2.000000	1.000000	1.055062	0.839837	1.256270	
500	500	4	250	2.000000	1.000000	0.778673	0.630673	1.234670	
450	450	4	225	2.000000	1.000000	0.575039	0.456185	1.260539	

1150	1150	4	575	2.250000	1.000000	15.105912	9.455583	1.597565	Best result yet!
1100	1100	4	550	2.250000	1.000000	11.744036	7.768976	1.511658	
1050	1050	4	525	2.250000	1.000000	10.352323	6.696753	1.545872	
1000	1000	4	500	2.250000	1.000000	8.529956	5.758341	1.481322	
950	950	4	475	2.250000	1.000000	6.624356	4.879650	1.357547	
900	900	4	450	2.250000	1.000000	5.389697	4.189789	1.286389	
850	850	4	425	2.250000	1.000000	4.526930	3.484142	1.299295	
800	800	4	400	2.250000	1.000000	3.761157	2.896090	1.298702	
750	750	4	375	2.250000	1.000000	3.011987	2.377454	1.266896	
700	700	4	350	2.250000	1.000000	2.455442	1.994427	1.231152	
650	650	4	325	2.250000	1.000000	1.974984	1.550601	1.273689	
600	600	4	300	2.250000	1.000000	1.545667	1.220159	1.266775	
550	550	4	275	2.250000	1.000000	1.184393	0.936651	1.264498	
500	500	4	250	2.250000	1.000000	0.880327	0.704217	1.250079	
450	450	4	225	2.250000	1.000000	0.664613	0.523087	1.270559	

1150	1150	4	575	2.500000	1.000000	17.831277	10.654388	1.673609	Best result yet!
1100	1100	4	550	2.500000	1.000000	13.360980	8.679727	1.539332	
1050	1050	4	525	2.500000	1.000000	11.790157	7.482196	1.575762	
1000	1000	4	500	2.500000	1.000000	9.860064	6.385100	1.544230	
950	950	4	475	2.500000	1.000000	7.936170	5.429991	1.461544	
900	900	4	450	2.500000	1.000000	6.254627	4.606940	1.357653	
850	850	4	425	2.500000	1.000000	5.108388	3.873564	1.318782	
800	800	4	400	2.500000	1.000000	4.182208	3.220301	1.298701	
750	750	4	375	2.500000	1.000000	3.370701	2.651810	1.271094	
700	700	4	350	2.500000	1.000000	2.754236	2.235076	1.232278	
650	650	4	325	2.500000	1.000000	2.224164	1.730459	1.285303	
600	600	4	300	2.500000	1.000000	1.728545	1.359860	1.271120	
550	550	4	275	2.500000	1.000000	1.320083	1.045414	1.262737	
500	500	4	250	2.500000	1.000000	0.993921	0.792506	1.254149	
450	450	4	225	2.500000	1.000000	0.743921	0.590574	1.259658	

1150	1150	4	575	2.750000	1.000000	20.974101	11.578784	1.811425	Best result yet!
1100	1100	4	550	2.750000	1.000000	15.046788	9.522577	1.580117	
1050	1050	4	525	2.750000	1.000000	13.304645	8.277461	1.607334	
1000	1000	4	500	2.750000	1.000000	11.228171	7.041301	1.594616	
950	950	4	475	2.750000	1.000000	9.229451	5.957934	1.549103	
900	900	4	450	2.750000	1.000000	7.458943	5.084065	1.467122	
850	850	4	425	2.750000	1.000000	5.857282	4.270242	1.371651	
800	800	4	400	2.750000	1.000000	4.642532	3.549165	1.308063	
750	750	4	375	2.750000	1.000000	3.699627	2.917616	1.268031	
700	700	4	350	2.750000	1.000000	3.038516	2.461397	1.234468	
650	650	4	325	2.750000	1.000000	2.427038	1.896692	1.279616	
600	600	4	300	2.750000	1.000000	1.899813	1.498330	1.267954	
550	550	4	275	2.750000	1.000000	1.445635	1.157083	1.249379	
500	500	4	250	2.750000	1.000000	1.083343	0.862165	1.256538	
450	450	4	225	2.750000	1.000000	0.790466	0.640962	1.233249	

1150	1150	4	575	3.000000	1.000000	24.726457	12.695505	1.947654	Best result yet!
1100	1100	4	550	3.000000	1.000000	16.645462	10.479852	1.588330	
1050	1050	4	525	3.000000	1.000000	14.825009	8.977429	1.651365	
1000	1000	4	500	3.000000	1.000000	12.472329	7.681330	1.623720	
950	950	4	475	3.000000	1.000000	10.164292	6.559337	1.549591	
900	900	4	450	3.000000	1.000000	8.457131	5.549709	1.523887	
850	850	4	425	3.000000	1.000000	6.706258	4.663983	1.437882	
800	800	4	400	3.000000	1.000000	5.275049	3.877959	1.360264	
750	750	4	375	3.000000	1.000000	4.056002	3.185774	1.273161	
700	700	4	350	3.000000	1.000000	3.313098	2.727683	1.214620	
650	650	4	325	3.000000	1.000000	2.655040	2.071109	1.281941	
600	600	4	300	3.000000	1.000000	2.092561	1.623548	1.288882	
550	550	4	275	3.000000	1.000000	1.576570	1.250300	1.260953	
500	500	4	250	3.000000	1.000000	1.178894	0.945460	1.246900	
450	450	4	225	3.000000	1.000000	0.865239	0.678368	1.275471	

1150	1150	4	575	3.500000	1.000000	29.220315	14.787547	1.976008	Best result yet!
1100	1100	4	550	3.500000	1.000000	20.240096	12.586886	1.608030	
1050	1050	4	525	3.500000	1.000000	20.534011	10.476629	1.959983	
1000	1000	4	500	3.500000	1.000000	15.437357	9.062079	1.703512	
950	950	4	475	3.500000	1.000000	12.290581	7.641825	1.608331	
900	900	4	450	3.500000	1.000000	11.022409	6.714624	1.641553	
850	850	4	425	3.500000	1.000000	9.037390	5.537942	1.631904	
800	800	4	400	3.500000	1.000000	6.729575	4.506108	1.493434	
750	750	4	375	3.500000	1.000000	5.092275	3.845639	1.324169	
700	700	4	350	3.500000	1.000000	4.152524	3.138838	1.322949	
650	650	4	325	3.500000	1.000000	3.162214	2.400165	1.317499	
600	600	4	300	3.500000	1.000000	2.488660	1.949021	1.276877	
550	550	4	275	3.500000	1.000000	1.910991	1.467641	1.302083	
500	500	4	250	3.500000	1.000000	1.389438	1.086565	1.278744	
450	450	4	225	3.500000	1.000000	1.019164	0.820967	1.241419	

1150	1150	6	575	1.000000	1.000000	5.256472	6.675811	0.787391	Best result yet!
1100	1100	6	550	1.000000	1.000000	4.586156	5.623011	0.815605	Best result yet!
1050	1050	6	525	1.000000	1.000000	4.013814	4.878827	0.822701	Best result yet!
1000	1000	6	500	1.000000	1.000000	3.517490	4.387758	0.801660	
950	950	6	475	1.000000	1.000000	2.903469	3.563482	0.814784	
900	900	6	450	1.000000	1.000000	2.503456	2.964075	0.844599	Best result yet!
850	850	6	425	1.000000	1.000000	2.035401	2.665618	0.763576	
800	800	6	400	1.000000	1.000000	1.668591	2.057109	0.811134	
750	750	6	375	1.000000	1.000000	1.355274	1.699162	0.797613	
700	700	6	350	1.000000	1.000000	1.109948	1.354104	0.819692	
650	650	6	325	1.000000	1.000000	0.876620	1.082496	0.809814	
600	600	6	300	1.000000	1.000000	0.675904	0.847560	0.797470	
550	550	6	275	1.000000	1.000000	0.513118	0.657605	0.780283	
500	500	6	250	1.000000	1.000000	0.379784	0.491665	0.772445	
450	450	6	225	1.000000	1.000000	0.276343	0.358775	0.770240	

1150	1150	6	575	1.250000	1.000000	6.800770	8.243109	0.825025	Best result yet!
1100	1100	6	550	1.250000	1.000000	5.723820	7.052184	0.811638	
1050	1050	6	525	1.250000	1.000000	5.148149	6.075489	0.847364	Best result yet!
1000	1000	6	500	1.250000	1.000000	4.308085	5.309252	0.811430	
950	950	6	475	1.250000	1.000000	3.494916	4.387777	0.796512	
900	900	6	450	1.250000	1.000000	3.011670	3.716970	0.810249	
850	850	6	425	1.250000	1.000000	2.575609	3.389010	0.759989	
800	800	6	400	1.250000	1.000000	2.106181	2.586805	0.814202	
750	750	6	375	1.250000	1.000000	1.721012	2.110232	0.815556	
700	700	6	350	1.250000	1.000000	1.379193	1.693978	0.814174	
650	650	6	325	1.250000	1.000000	1.102175	1.353590	0.814261	
600	600	6	300	1.250000	1.000000	0.867990	1.065934	0.814300	
550	550	6	275	1.250000	1.000000	0.664435	0.820114	0.810174	
500	500	6	250	1.250000	1.000000	0.486989	0.612690	0.794838	
450	450	6	225	1.250000	1.000000	0.346992	0.450812	0.769704	

1150	1150	6	575	1.500000	1.000000	7.976714	9.973546	0.799787	Best result yet!
1100	1100	6	550	1.500000	1.000000	6.980860	8.452656	0.825878	Best result yet!
1050	1050	6	525	1.500000	1.000000	5.945529	7.350431	0.808868	
1000	1000	6	500	1.500000	1.000000	5.117881	6.608946	0.774387	
950	950	6	475	1.500000	1.000000	4.298545	5.259610	0.817274	
900	900	6	450	1.500000	1.000000	3.628082	4.424668	0.819967	
850	850	6	425	1.500000	1.000000	3.065376	4.008077	0.764800	
800	800	6	400	1.500000	1.000000	2.513461	3.094562	0.812219	
750	750	6	375	1.500000	1.000000	2.031716	2.522469	0.805447	
700	700	6	350	1.500000	1.000000	1.662508	2.035399	0.816797	
650	650	6	325	1.500000	1.000000	1.338890	1.628247	0.822289	
600	600	6	300	1.500000	1.000000	1.051911	1.272064	0.826932	Best result yet!
550	550	6	275	1.500000	1.000000	0.804566	0.984521	0.817216	
500	500	6	250	1.500000	1.000000	0.600058	0.738714	0.812301	
450	450	6	225	1.500000	1.000000	0.429017	0.537499	0.798173	

1150	1150	6	575	1.750000	1.000000	11.717811	11.637695	1.006884	Best result yet!
1100	1100	6	550	1.750000	1.000000	8.833761	9.798844	0.901511	
1050	1050	6	525	1.750000	1.000000	7.620370	8.487909	0.897791	
1000	1000	6	500	1.750000	1.000000	6.144235	7.532432	0.815704	
950	950	6	475	1.750000	1.000000	5.007569	6.133922	0.816373	
900	900	6	450	1.750000	1.000000	4.188362	5.163428	0.811159	
850	850	6	425	1.750000	1.000000	3.552763	4.649778	0.764072	
800	800	6	400	1.750000	1.000000	2.947528	3.614937	0.815375	
750	750	6	375	1.750000	1.000000	2.384150	2.954808	0.806871	
700	700	6	350	1.750000	1.000000	1.954075	2.371302	0.824052	
650	650	6	325	1.750000	1.000000	1.646400	1.924237	0.855612	
600	600	6	300	1.750000	1.000000	1.332489	1.515416	0.879289	
550	550	6	275	1.750000	1.000000	0.973209	1.151479	0.845182	
500	500	6	250	1.750000	1.000000	0.690617	0.865871	0.797598	
450	450	6	225	1.750000	1.000000	0.500178	0.623170	0.802635	

1150	1150	6	575	2.000000	1.000000	14.548809	13.337269	1.090839	Best result yet!
1100	1100	6	550	2.000000	1.000000	10.537400	11.231987	0.938160	
1050	1050	6	525	2.000000	1.000000	8.997933	9.671770	0.930330	
1000	1000	6	500	2.000000	1.000000	7.400085	8.679633	0.852580	
950	950	6	475	2.000000	1.000000	6.118409	6.993776	0.874836	
900	900	6	450	2.000000	1.000000	4.765406	5.899001	0.807833	
850	850	6	425	2.000000	1.000000	4.068686	5.357400	0.759452	
800	800	6	400	2.000000	1.000000	3.364811	4.174528	0.806034	
750	750	6	375	2.000000	1.000000	2.726596	3.364465	0.810410	
700	700	6	350	2.000000	1.000000	2.229016	2.706047	0.823717	
650	650	6	325	2.000000	1.000000	1.789883	2.160109	0.828608	
600	600	6	300	2.000000	1.000000	1.392069	1.698761	0.819461	
550	550	6	275	2.000000	1.000000	1.067402	1.307423	0.816417	
500	500	6	250	2.000000	1.000000	0.788670	0.979883	0.804861	
450	450	6	225	2.000000	1.000000	0.578275	0.715569	0.808133	

1150	1150	6	575	2.250000	1.000000	15.594600	14.938175	1.043943	Best result yet!
1100	1100	6	550	2.250000	1.000000	12.240904	12.702701	0.963646	
1050	1050	6	525	2.250000	1.000000	11.188820	10.822464	1.033851	
1000	1000	6	500	2.250000	1.000000	8.872275	9.743732	0.910562	
950	950	6	475	2.250000	1.000000	7.095483	7.925911	0.895226	
900	900	6	450	2.250000	1.000000	5.542882	6.653591	0.833066	
850	850	6	425	2.250000	1.000000	4.597379	6.028083	0.762660	
800	800	6	400	2.250000	1.000000	3.822395	4.626393	0.826215	
750	750	6	375	2.250000	1.000000	3.044828	3.795168	0.802291	
700	700	6	350	2.250000	1.000000	2.486516	3.088487	0.805092	
650	650	6	325	2.250000	1.000000	1.996183	2.434056	0.820106	
600	600	6	300	2.250000	1.000000	1.572831	1.933686	0.813385	
550	550	6	275	2.250000	1.000000	1.199649	1.473807	0.813980	
500	500	6	250	2.250000	1.000000	0.890562	1.109674	0.802544	
450	450	6	225	2.250000	1.000000	0.656729	0.806436	0.814360	

1150	1150	6	575	2.500000	1.000000	18.817607	16.630318	1.131524	Best result yet!
1100	1100	6	550	2.500000	1.000000	13.897858	14.123260	0.984040	
1050	1050	6	525	2.500000	1.000000	12.422409	12.047440	1.031124	
1000	1000	6	500	2.500000	1.000000	10.337480	10.950539	0.944016	
950	950	6	475	2.500000	1.000000	8.368319	8.795478	0.951434	
900	900	6	450	2.500000	1.000000	6.357836	7.434348	0.855198	
850	850	6	425	2.500000	1.000000	5.176965	6.645288	0.779043	
800	800	6	400	2.500000	1.000000	4.281746	5.152211	0.831050	
750	750	6	375	2.500000	1.000000	3.380616	4.223301	0.800468	
700	700	6	350	2.500000	1.000000	2.791770	3.389401	0.823677	
650	650	6	325	2.500000	1.000000	2.288198	2.700798	0.847230	
600	600	6	300	2.500000	1.000000	1.743974	2.126502	0.820114	
550	550	6	275	2.500000	1.000000	1.338290	1.631874	0.820094	
500	500	6	250	2.500000	1.000000	0.986108	1.242092	0.793909	
450	450	6	225	2.500000	1.000000	0.723332	0.898585	0.804968	

1150	1150	6	575	2.750000	1.000000	23.532656	18.350106	1.282426	Best result yet!
1100	1100	6	550	2.750000	1.000000	15.859209	15.494989	1.023506	
1050	1050	6	525	2.750000	1.000000	14.515829	13.279488	1.093102	
1000	1000	6	500	2.750000	1.000000	12.259655	11.774919	1.041167	
950	950	6	475	2.750000	1.000000	9.489473	9.677334	0.980588	
900	900	6	450	2.750000	1.000000	7.791490	8.168286	0.953871	
850	850	6	425	2.750000	1.000000	5.845408	7.332894	0.797149	
800	800	6	400	2.750000	1.000000	4.670522	5.664811	0.824480	
750	750	6	375	2.750000	1.000000	3.729061	4.635107	0.804525	
700	700	6	350	2.750000	1.000000	3.132411	3.724372	0.841057	
650	650	6	325	2.750000	1.000000	2.437906	2.973256	0.819945	
600	600	6	300	2.750000	1.000000	1.900803	2.344958	0.810591	
550	550	6	275	2.750000	1.000000	1.452510	1.829954	0.793741	
500	500	6	250	2.750000	1.000000	1.075958	1.362328	0.789794	
450	450	6	225	2.750000	1.000000	0.791802	0.984198	0.804515	

1150	1150	6	575	3.000000	1.000000	26.624189	19.998702	1.331296	Best result yet!
1100	1100	6	550	3.000000	1.000000	17.077171	17.088466	0.999339	
1050	1050	6	525	3.000000	1.000000	15.827911	14.486148	1.092624	
1000	1000	6	500	3.000000	1.000000	13.112511	13.125886	0.998981	
950	950	6	475	3.000000	1.000000	10.592071	10.599787	0.999272	
900	900	6	450	3.000000	1.000000	8.781799	8.895584	0.987209	
850	850	6	425	3.000000	1.000000	6.953713	8.052764	0.863519	
800	800	6	400	3.000000	1.000000	5.436787	6.194085	0.877739	
750	750	6	375	3.000000	1.000000	4.100217	5.063797	0.809712	
700	700	6	350	3.000000	1.000000	3.307353	4.070449	0.812528	
650	650	6	325	3.000000	1.000000	2.697724	3.252960	0.829314	
600	600	6	300	3.000000	1.000000	2.097402	2.582518	0.812154	
550	550	6	275	3.000000	1.000000	1.600267	1.972774	0.811176	
500	500	6	250	3.000000	1.000000	1.199498	1.469191	0.816434	
450	450	6	225	3.000000	1.000000	0.869118	1.073717	0.809448	

1150	1150	6	575	3.500000	1.000000	30.010190	23.322228	1.286763	Best result yet!
1100	1100	6	550	3.500000	1.000000	20.633914	19.864488	1.038734	
1050	1050	6	525	3.500000	1.000000	18.119997	17.293617	1.047785	
1000	1000	6	500	3.500000	1.000000	15.870149	15.208704	1.043491	
950	950	6	475	3.500000	1.000000	12.442567	12.291521	1.012289	
900	900	6	450	3.500000	1.000000	10.264468	10.417302	0.985329	
850	850	6	425	3.500000	1.000000	8.630645	9.350334	0.923031	
800	800	6	400	3.500000	1.000000	6.789918	7.217556	0.940750	
750	750	6	375	3.500000	1.000000	4.975894	5.890621	0.844715	
700	700	6	350	3.500000	1.000000	4.007515	4.766005	0.840854	
650	650	6	325	3.500000	1.000000	3.147063	3.784776	0.831506	
600	600	6	300	3.500000	1.000000	2.443139	2.985903	0.818225	
550	550	6	275	3.500000	1.000000	1.874604	2.292416	0.817742	
500	500	6	250	3.500000	1.000000	1.427921	1.720377	0.830005	
450	450	6	225	3.500000	1.000000	1.041245	1.251456	0.832027	

1150	1150	8	575	1.000000	1.000000	5.164514	10.070955	0.512813	Best result yet!
1100	1100	8	550	1.000000	1.000000	4.517587	8.372722	0.539560	Best result yet!
1050	1050	8	525	1.000000	1.000000	3.913433	7.155063	0.546946	Best result yet!
1000	1000	8	500	1.000000	1.000000	3.328002	6.200483	0.536733	
950	950	8	475	1.000000	1.000000	2.893199	5.213780	0.554914	Best result yet!
900	900	8	450	1.000000	1.000000	2.402595	4.397449	0.546361	
850	850	8	425	1.000000	1.000000	2.018353	3.654486	0.552295	
800	800	8	400	1.000000	1.000000	1.665835	3.032629	0.549304	
750	750	8	375	1.000000	1.000000	1.357644	2.540345	0.534433	
700	700	8	350	1.000000	1.000000	1.111943	2.005928	0.554328	
650	650	8	325	1.000000	1.000000	0.872367	1.614495	0.540334	
600	600	8	300	1.000000	1.000000	0.678700	1.261311	0.538091	
550	550	8	275	1.000000	1.000000	0.510761	0.964104	0.529778	
500	500	8	250	1.000000	1.000000	0.378341	0.728495	0.519346	
450	450	8	225	1.000000	1.000000	0.275824	0.553055	0.498728	

1150	1150	8	575	1.250000	1.000000	6.688158	12.178174	0.549192	Best result yet!
1100	1100	8	550	1.250000	1.000000	5.772226	10.345739	0.557933	Best result yet!
1050	1050	8	525	1.250000	1.000000	5.027376	8.873954	0.566532	Best result yet!
1000	1000	8	500	1.250000	1.000000	4.223043	7.677428	0.550060	
950	950	8	475	1.250000	1.000000	3.571026	6.411170	0.557001	
900	900	8	450	1.250000	1.000000	3.036366	5.536439	0.548433	
850	850	8	425	1.250000	1.000000	2.637610	4.594519	0.574078	Best result yet!
800	800	8	400	1.250000	1.000000	2.094525	3.778178	0.554374	
750	750	8	375	1.250000	1.000000	1.697833	3.232472	0.525243	
700	700	8	350	1.250000	1.000000	1.374560	2.507807	0.548112	
650	650	8	325	1.250000	1.000000	1.106164	2.012943	0.549526	
600	600	8	300	1.250000	1.000000	0.895197	1.577038	0.567645	
550	550	8	275	1.250000	1.000000	0.663595	1.213749	0.546732	
500	500	8	250	1.250000	1.000000	0.479519	0.907026	0.528672	
450	450	8	225	1.250000	1.000000	0.349445	0.651889	0.536050	

1150	1150	8	575	1.500000	1.000000	9.153062	15.556371	0.588380	Best result yet!
1100	1100	8	550	1.500000	1.000000	6.978244	12.604589	0.553627	
1050	1050	8	525	1.500000	1.000000	5.956486	10.709735	0.556175	
1000	1000	8	500	1.500000	1.000000	5.050613	9.233681	0.546977	
950	950	8	475	1.500000	1.000000	4.219353	7.751163	0.544351	
900	900	8	450	1.500000	1.000000	3.567525	6.585814	0.541698	
850	850	8	425	1.500000	1.000000	3.039578	5.461006	0.556597	
800	800	8	400	1.500000	1.000000	2.512052	4.536839	0.553701	
750	750	8	375	1.500000	1.000000	2.105867	4.095292	0.514217	
700	700	8	350	1.500000	1.000000	1.756062	3.074207	0.571224	
650	650	8	325	1.500000	1.000000	1.323552	2.414562	0.548154	
600	600	8	300	1.500000	1.000000	1.038931	1.892212	0.549056	
550	550	8	275	1.500000	1.000000	0.805645	1.454802	0.553783	
500	500	8	250	1.500000	1.000000	0.598294	1.099397	0.544202	
450	450	8	225	1.500000	1.000000	0.431389	0.807270	0.534380	

1150	1150	8	575	1.750000	1.000000	11.811138	17.594845	0.671284	Best result yet!
1100	1100	8	550	1.750000	1.000000	8.872860	14.564716	0.609202	
1050	1050	8	525	1.750000	1.000000	7.224368	12.548914	0.575697	
1000	1000	8	500	1.750000	1.000000	5.984611	10.799904	0.554136	
950	950	8	475	1.750000	1.000000	5.031112	9.015879	0.558028	
900	900	8	450	1.750000	1.000000	4.194125	7.681883	0.545976	
850	850	8	425	1.750000	1.000000	3.528049	6.364750	0.554311	
800	800	8	400	1.750000	1.000000	2.943072	5.265543	0.558930	
750	750	8	375	1.750000	1.000000	2.380226	4.571450	0.520672	
700	700	8	350	1.750000	1.000000	1.929436	3.502646	0.550851	
650	650	8	325	1.750000	1.000000	1.563301	2.813555	0.555632	
600	600	8	300	1.750000	1.000000	1.225815	2.213059	0.553901	
550	550	8	275	1.750000	1.000000	0.955065	1.706692	0.559600	
500	500	8	250	1.750000	1.000000	0.698899	1.265176	0.552412	
450	450	8	225	1.750000	1.000000	0.504403	0.916533	0.550338	

1150	1150	8	575	2.000000	1.000000	14.199296	21.342748	0.665298	Best result yet!
1100	1100	8	550	2.000000	1.000000	10.445922	16.766140	0.623037	
1050	1050	8	525	2.000000	1.000000	9.023917	14.452883	0.624368	
1000	1000	8	500	2.000000	1.000000	7.172056	12.494898	0.573999	
950	950	8	475	2.000000	1.000000	5.902753	10.262988	0.575150	
900	900	8	450	2.000000	1.000000	4.778100	8.795914	0.543218	
850	850	8	425	2.000000	1.000000	4.034941	7.262571	0.555580	
800	800	8	400	2.000000	1.000000	3.339275	6.063363	0.550730	
750	750	8	375	2.000000	1.000000	2.707625	5.327780	0.508209	
700	700	8	350	2.000000	1.000000	2.195104	4.009601	0.547462	
650	650	8	325	2.000000	1.000000	1.766171	3.203124	0.551390	
600	600	8	300	2.000000	1.000000	1.378014	2.527183	0.545277	
550	550	8	275	2.000000	1.000000	1.082890	2.004632	0.540194	
500	500	8	250	2.000000	1.000000	0.821279	1.450241	0.566305	
450	450	8	225	2.000000	1.000000	0.616555	1.056325	0.583679	

1150	1150	8	575	2.250000	1.000000	16.901537	22.542545	0.749762	Best result yet!
1100	1100	8	550	2.250000	1.000000	11.976429	18.692241	0.640717	
1050	1050	8	525	2.250000	1.000000	11.710181	16.085012	0.728018	
1000	1000	8	500	2.250000	1.000000	9.196328	13.916945	0.660801	
950	950	8	475	2.250000	1.000000	7.212580	11.574813	0.623127	
900	900	8	450	2.250000	1.000000	5.628941	9.965843	0.564823	
850	850	8	425	2.250000	1.000000	4.657537	8.177130	0.569581	
800	800	8	400	2.250000	1.000000	3.889862	6.809008	0.571282	
750	750	8	375	2.250000	1.000000	3.113534	5.930665	0.524989	
700	700	8	350	2.250000	1.000000	2.534005	4.539188	0.558251	
650	650	8	325	2.250000	1.000000	2.070033	3.629615	0.570318	
600	600	8	300	2.250000	1.000000	1.634164	2.845837	0.574230	
550	550	8	275	2.250000	1.000000	1.217162	2.184099	0.557283	
500	500	8	250	2.250000	1.000000	0.900377	1.630825	0.552099	
450	450	8	225	2.250000	1.000000	0.646966	1.191179	0.543131	

1150	1150	8	575	2.500000	1.000000	21.480744	25.959994	0.827456	Best result yet!
1100	1100	8	550	2.500000	1.000000	13.993074	20.922424	0.668807	
1050	1050	8	525	2.500000	1.000000	12.428243	17.913041	0.693810	
1000	1000	8	500	2.500000	1.000000	10.457122	15.386208	0.679643	
950	950	8	475	2.500000	1.000000	8.160824	12.888000	0.633211	
900	900	8	450	2.500000	1.000000	6.564561	10.995723	0.597010	
850	850	8	425	2.500000	1.000000	5.228838	9.105536	0.574248	
800	800	8	400	2.500000	1.000000	4.315783	7.616817	0.566612	
750	750	8	375	2.500000	1.000000	3.396827	6.652161	0.510635	
700	700	8	350	2.500000	1.000000	2.784938	5.052296	0.551222	
650	650	8	325	2.500000	1.000000	2.244239	3.994974	0.561766	
600	600	8	300	2.500000	1.000000	1.775355	3.183963	0.557593	
550	550	8	275	2.500000	1.000000	1.340072	2.415600	0.554757	
500	500	8	250	2.500000	1.000000	0.989256	1.823641	0.542462	
450	450	8	225	2.500000	1.000000	0.722515	1.314301	0.549733	

1150	1150	8	575	2.750000	1.000000	23.676742	27.723749	0.854024	Best result yet!
1100	1100	8	550	2.750000	1.000000	15.538047	22.821313	0.680857	
1050	1050	8	525	2.750000	1.000000	13.858437	19.550474	0.708854	
1000	1000	8	500	2.750000	1.000000	12.674807	16.917621	0.749207	
950	950	8	475	2.750000	1.000000	9.619182	14.195010	0.677645	
900	900	8	450	2.750000	1.000000	7.211464	12.065287	0.597703	
850	850	8	425	2.750000	1.000000	5.790568	9.983416	0.580019	
800	800	8	400	2.750000	1.000000	4.686241	8.298784	0.564690	
750	750	8	375	2.750000	1.000000	3.703742	7.258012	0.510297	
700	700	8	350	2.750000	1.000000	3.060838	5.615310	0.545088	
650	650	8	325	2.750000	1.000000	2.731232	4.425112	0.617212	
600	600	8	300	2.750000	1.000000	1.915259	3.460674	0.553435	
550	550	8	275	2.750000	1.000000	1.444802	2.655788	0.544020	
500	500	8	250	2.750000	1.000000	1.084515	1.998481	0.542670	
450	450	8	225	2.750000	1.000000	0.791815	1.443183	0.548659	

1150	1150	8	575	3.000000	1.000000	26.990284	30.493287	0.885122	Best result yet!
1100	1100	8	550	3.000000	1.000000	17.880015	25.799698	0.693032	
1050	1050	8	525	3.000000	1.000000	16.280891	21.380164	0.761495	
1000	1000	8	500	3.000000	1.000000	13.097063	18.398239	0.711865	
950	950	8	475	3.000000	1.000000	10.564039	15.620806	0.676280	
900	900	8	450	3.000000	1.000000	8.616464	13.190631	0.653226	
850	850	8	425	3.000000	1.000000	6.862417	10.909229	0.629047	
800	800	8	400	3.000000	1.000000	5.330389	9.129545	0.583861	
750	750	8	375	3.000000	1.000000	4.169614	7.991696	0.521743	
700	700	8	350	3.000000	1.000000	3.357283	6.048281	0.555081	
650	650	8	325	3.000000	1.000000	2.712891	4.797666	0.565461	
600	600	8	300	3.000000	1.000000	2.106719	3.782688	0.556937	
550	550	8	275	3.000000	1.000000	1.625915	2.890408	0.562521	
500	500	8	250	3.000000	1.000000	1.205187	2.248906	0.535899	
450	450	8	225	3.000000	1.000000	0.875232	1.583466	0.552732	

1150	1150	8	575	3.500000	1.000000	32.798266	35.247304	0.930518	Best result yet!
1100	1100	8	550	3.500000	1.000000	20.562618	29.488853	0.697301	
1050	1050	8	525	3.500000	1.000000	18.876515	24.854392	0.759484	
1000	1000	8	500	3.500000	1.000000	15.547957	21.623342	0.719036	
950	950	8	475	3.500000	1.000000	12.456141	18.045121	0.690277	
900	900	8	450	3.500000	1.000000	10.432001	15.534595	0.671534	
850	850	8	425	3.500000	1.000000	8.440815	12.809454	0.658952	
800	800	8	400	3.500000	1.000000	6.610920	10.582893	0.624680	
750	750	8	375	3.500000	1.000000	5.123720	9.375696	0.546490	
700	700	8	350	3.500000	1.000000	3.977815	7.076997	0.562077	
650	650	8	325	3.500000	1.000000	3.148534	5.600575	0.562180	
600	600	8	300	3.500000	1.000000	2.420592	4.409930	0.548896	
550	550	8	275	3.500000	1.000000	1.859978	3.357535	0.553971	
500	500	8	250	3.500000	1.000000	1.378658	2.525874	0.545814	
450	450	8	225	3.500000	1.000000	1.007632	1.824984	0.552132	

1150	1150	10	575	1.000000	1.000000	5.278136	13.213196	0.399459	Best result yet!
1100	1100	10	550	1.000000	1.000000	4.592922	11.556913	0.397418	
1050	1050	10	525	1.000000	1.000000	3.923712	9.924226	0.395367	
1000	1000	10	500	1.000000	1.000000	3.328535	8.265902	0.402683	Best result yet!
950	950	10	475	1.000000	1.000000	2.855859	7.143695	0.399773	
900	900	10	450	1.000000	1.000000	2.408935	5.931843	0.406102	Best result yet!
850	850	10	425	1.000000	1.000000	2.005064	4.937432	0.406095	
800	800	10	400	1.000000	1.000000	1.693417	4.087230	0.414319	Best result yet!
750	750	10	375	1.000000	1.000000	1.389739	3.318754	0.418753	Best result yet!
700	700	10	350	1.000000	1.000000	1.122381	2.671339	0.420157	Best result yet!
650	650	10	325	1.000000	1.000000	0.886082	2.154087	0.411349	
600	600	10	300	1.000000	1.000000	0.681144	1.774491	0.383853	
550	550	10	275	1.000000	1.000000	0.524751	1.301182	0.403288	
500	500	10	250	1.000000	1.000000	0.385908	0.982212	0.392897	
450	450	10	225	1.000000	1.000000	0.279548	0.713912	0.391572	

1150	1150	10	575	1.250000	1.000000	6.797051	16.630838	0.408702	Best result yet!
1100	1100	10	550	1.250000	1.000000	5.647475	14.251278	0.396278	
1050	1050	10	525	1.250000	1.000000	4.862639	12.228847	0.397637	
1000	1000	10	500	1.250000	1.000000	4.164627	10.289776	0.404734	
950	950	10	475	1.250000	1.000000	3.509697	8.870801	0.395646	
900	900	10	450	1.250000	1.000000	3.028870	7.565849	0.400334	
850	850	10	425	1.250000	1.000000	2.563627	6.087514	0.421129	Best result yet!
800	800	10	400	1.250000	1.000000	2.138229	5.073313	0.421466	Best result yet!
750	750	10	375	1.250000	1.000000	1.725428	4.117903	0.419006	
700	700	10	350	1.250000	1.000000	1.414256	3.328291	0.424920	Best result yet!
650	650	10	325	1.250000	1.000000	1.138076	2.691136	0.422898	
600	600	10	300	1.250000	1.000000	0.874797	2.217038	0.394579	
550	550	10	275	1.250000	1.000000	0.655013	1.646493	0.397823	
500	500	10	250	1.250000	1.000000	0.489774	1.262318	0.387996	
450	450	10	225	1.250000	1.000000	0.352421	0.899699	0.391710	

1150	1150	10	575	1.500000	1.000000	9.365108	19.757000	0.474015	Best result yet!
1100	1100	10	550	1.500000	1.000000	6.924083	17.199266	0.402580	
1050	1050	10	525	1.500000	1.000000	5.943290	14.964645	0.397155	
1000	1000	10	500	1.500000	1.000000	5.065134	12.428348	0.407547	
950	950	10	475	1.500000	1.000000	4.379464	11.053203	0.396217	
900	900	10	450	1.500000	1.000000	3.750786	9.009619	0.416309	
850	850	10	425	1.500000	1.000000	3.103117	7.396440	0.419542	
800	800	10	400	1.500000	1.000000	2.636839	6.102145	0.432117	
750	750	10	375	1.500000	1.000000	2.057136	4.938545	0.416547	
700	700	10	350	1.500000	1.000000	1.677868	3.957694	0.423951	
650	650	10	325	1.500000	1.000000	1.337130	3.206143	0.417053	
600	600	10	300	1.500000	1.000000	1.036725	2.622769	0.395279	
550	550	10	275	1.500000	1.000000	0.807084	1.980951	0.407422	
500	500	10	250	1.500000	1.000000	0.624053	1.466205	0.425625	
450	450	10	225	1.500000	1.000000	0.430983	1.081780	0.398402	

1150	1150	10	575	1.750000	1.000000	12.082498	23.675846	0.510330	Best result yet!
1100	1100	10	550	1.750000	1.000000	8.788152	20.441817	0.429911	
1050	1050	10	525	1.750000	1.000000	7.550556	17.158961	0.440036	
1000	1000	10	500	1.750000	1.000000	5.955976	14.457899	0.411953	
950	950	10	475	1.750000	1.000000	5.014076	12.454082	0.402605	
900	900	10	450	1.750000	1.000000	4.251529	10.276976	0.413695	
850	850	10	425	1.750000	1.000000	3.545647	8.575229	0.413475	
800	800	10	400	1.750000	1.000000	2.942574	7.078725	0.415693	
750	750	10	375	1.750000	1.000000	2.377055	5.754903	0.413049	
700	700	10	350	1.750000	1.000000	1.929275	4.664345	0.413622	
650	650	10	325	1.750000	1.000000	1.557408	3.717144	0.418980	
600	600	10	300	1.750000	1.000000	1.222334	3.056746	0.399881	
550	550	10	275	1.750000	1.000000	0.942366	2.313860	0.407270	
500	500	10	250	1.750000	1.000000	0.696768	1.710305	0.407394	
450	450	10	225	1.750000	1.000000	0.503859	1.256322	0.401059	

1150	1150	10	575	2.000000	1.000000	14.926543	26.621630	0.560692	Best result yet!
1100	1100	10	550	2.000000	1.000000	10.411757	23.011851	0.452452	
1050	1050	10	525	2.000000	1.000000	9.092525	19.640857	0.462939	
1000	1000	10	500	2.000000	1.000000	7.360128	16.499446	0.446083	
950	950	10	475	2.000000	1.000000	5.815031	14.174508	0.410246	
900	900	10	450	2.000000	1.000000	4.840075	11.960759	0.404663	
850	850	10	425	2.000000	1.000000	4.172482	9.767748	0.427169	
800	800	10	400	2.000000	1.000000	3.496862	8.104420	0.431476	
750	750	10	375	2.000000	1.000000	2.711883	6.764567	0.400895	
700	700	10	350	2.000000	1.000000	2.213605	5.359907	0.412993	
650	650	10	325	2.000000	1.000000	1.830849	4.318922	0.423913	
600	600	10	300	2.000000	1.000000	1.420963	3.580963	0.396810	
550	550	10	275	2.000000	1.000000	1.081590	2.587909	0.417940	
500	500	10	250	2.000000	1.000000	0.804475	1.969583	0.408449	
450	450	10	225	2.000000	1.000000	0.585365	1.402900	0.417254	

1150	1150	10	575	2.250000	1.000000	15.954559	29.927666	0.533104	Best result yet!
1100	1100	10	550	2.250000	1.000000	12.273704	25.984313	0.472351	
1050	1050	10	525	2.250000	1.000000	10.814889	21.994628	0.491706	
1000	1000	10	500	2.250000	1.000000	8.780191	18.540353	0.473572	
950	950	10	475	2.250000	1.000000	6.851884	16.001904	0.428192	
900	900	10	450	2.250000	1.000000	5.548520	13.216684	0.419812	
850	850	10	425	2.250000	1.000000	5.151930	10.935054	0.471139	
800	800	10	400	2.250000	1.000000	3.796261	9.071470	0.418484	
750	750	10	375	2.250000	1.000000	3.056317	7.398659	0.413091	
700	700	10	350	2.250000	1.000000	2.495082	5.999008	0.415916	
650	650	10	325	2.250000	1.000000	2.000924	4.800366	0.416827	
600	600	10	300	2.250000	1.000000	1.570584	3.914687	0.401203	
550	550	10	275	2.250000	1.000000	1.203988	3.034435	0.396775	
500	500	10	250	2.250000	1.000000	0.915358	2.189079	0.418148	
450	450	10	225	2.250000	1.000000	0.664099	1.588729	0.418006	

1150	1150	10	575	2.500000	1.000000	21.120280	33.178827	0.636559	Best result yet!
1100	1100	10	550	2.500000	1.000000	14.093077	28.869200	0.488170	
1050	1050	10	525	2.500000	1.000000	12.300667	24.941661	0.493178	
1000	1000	10	500	2.500000	1.000000	10.709770	20.968900	0.510745	
950	950	10	475	2.500000	1.000000	7.999719	17.920857	0.446392	
900	900	10	450	2.500000	1.000000	6.484570	14.843706	0.436857	
850	850	10	425	2.500000	1.000000	5.264418	12.356237	0.426053	
800	800	10	400	2.500000	1.000000	4.302816	10.100673	0.425993	
750	750	10	375	2.500000	1.000000	3.435658	8.226194	0.417649	
700	700	10	350	2.500000	1.000000	2.803691	6.682230	0.419574	
650	650	10	325	2.500000	1.000000	2.288155	5.342599	0.428285	
600	600	10	300	2.500000	1.000000	1.809520	4.470998	0.404724	
550	550	10	275	2.500000	1.000000	1.343978	3.224612	0.416788	
500	500	10	250	2.500000	1.000000	0.997257	2.413443	0.413209	
450	450	10	225	2.500000	1.000000	0.725322	1.759685	0.412189	

1150	1150	10	575	2.750000	1.000000	23.734835	36.425229	0.651604	Best result yet!
1100	1100	10	550	2.750000	1.000000	15.660025	31.867640	0.491408	
1050	1050	10	525	2.750000	1.000000	14.117907	27.000215	0.522881	
1000	1000	10	500	2.750000	1.000000	11.410600	22.673899	0.503248	
950	950	10	475	2.750000	1.000000	9.459518	19.514196	0.484751	
900	900	10	450	2.750000	1.000000	7.244418	16.550990	0.437703	
850	850	10	425	2.750000	1.000000	6.799541	13.405415	0.507223	
800	800	10	400	2.750000	1.000000	4.694698	11.291343	0.415779	
750	750	10	375	2.750000	1.000000	3.725597	9.011649	0.413420	
700	700	10	350	2.750000	1.000000	3.033315	7.314492	0.414699	
650	650	10	325	2.750000	1.000000	2.453544	5.846631	0.419651	
600	600	10	300	2.750000	1.000000	1.917567	4.818891	0.397927	
550	550	10	275	2.750000	1.000000	1.461578	3.575342	0.408794	
500	500	10	250	2.750000	1.000000	1.089129	2.667873	0.408239	
450	450	10	225	2.750000	1.000000	0.788001	1.930859	0.408109	

1150	1150	10	575	3.000000	1.000000	25.669147	39.595739	0.648281	Best result yet!
1100	1100	10	550	3.000000	1.000000	17.930523	40.265525	0.445307	
1050	1050	10	525	3.000000	1.000000	16.887769	31.092717	0.543142	
1000	1000	10	500	3.000000	1.000000	15.056444	25.005615	0.602123	
950	950	10	475	3.000000	1.000000	11.374071	21.183455	0.536932	
900	900	10	450	3.000000	1.000000	8.274480	17.648280	0.468855	
850	850	10	425	3.000000	1.000000	6.795560	14.612038	0.465066	
800	800	10	400	3.000000	1.000000	5.901131	12.099583	0.487714	
750	750	10	375	3.000000	1.000000	4.319333	10.075183	0.428710	
700	700	10	350	3.000000	1.000000	3.712870	8.703941	0.426573	
650	650	10	325	3.000000	1.000000	3.054892	6.868137	0.444792	
600	600	10	300	3.000000	1.000000	2.339714	5.691649	0.411078	
550	550	10	275	3.000000	1.000000	1.716935	4.243409	0.404612	
500	500	10	250	3.000000	1.000000	1.247459	2.979988	0.418612	
450	450	10	225	3.000000	1.000000	0.876536	2.131951	0.411143	

1150	1150	10	575	3.500000	1.000000	32.527170	46.090003	0.705732	Best result yet!
1100	1100	10	550	3.500000	1.000000	20.046654	40.210718	0.498540	
1050	1050	10	525	3.500000	1.000000	17.772126	34.707077	0.512061	
1000	1000	10	500	3.500000	1.000000	15.201717	28.941693	0.525253	
950	950	10	475	3.500000	1.000000	12.069124	24.800199	0.486654	
900	900	10	450	3.500000	1.000000	10.029246	20.569456	0.487580	
850	850	10	425	3.500000	1.000000	9.457977	18.620537	0.507933	
800	800	10	400	3.500000	1.000000	7.710114	15.170431	0.508233	
750	750	10	375	3.500000	1.000000	5.284589	11.453261	0.461405	
700	700	10	350	3.500000	1.000000	3.953971	10.056295	0.393184	
650	650	10	325	3.500000	1.000000	3.134148	7.423146	0.422213	
600	600	10	300	3.500000	1.000000	2.419840	6.187532	0.391083	
550	550	10	275	3.500000	1.000000	1.852926	4.494203	0.412292	
500	500	10	250	3.500000	1.000000	1.385046	3.417364	0.405297	
450	450	10	225	3.500000	1.000000	1.008515	2.476492	0.407235	
